2710 3610 20114
5984 17766 9360
4963 14412 11440
784 8486 13324
3279 11249 19187
3851 12462 29913
2559 4290 19656
1020 8696 13196
3118 8284 17529
5777 16587 11660
6036 18419 12674
6496 14977 20185
3657 12002 17946
1268 10008 12043
3329 10549 19531
2627 6511 20279
5534 13405 9155
987 8811 12064
709 12743 13915
4718 15245 26210
1053 9176 13419
4656 14055 27113
4962 14349 11498
2575 6266 20192
5208 18294 16847
842 9426 13083
4166 12635 25638
5707 15247 13078
1142 10563 13776
6394 11645 19369
659 9871 13402
2006 14707 9642
2569 7421 20161
2537 8123 18614
2319 7158 18438
5469 12086 7382
6580 12833 20936
4520 12905 30676
5828 17816 11599
301 6321 17547
3581 9576 16496
4350 12831 26173
4740 16227 25735
3183 9168 18210
2028 8436 24353
7169 7877 17012
4567 13240 28967
5659 11073 8734
4300 10998 27761
4188 11398 23353
4333 10764 26671
1267 10162 12317
5466 12323 8182
2484 8248 22384
2236 8370 19113
4862 13268 12067
5513 11310 8463
3667 12041 18155
3243 11773 17015
369 4956 18432
4271 13998 24147
4385 13755 26895
1133 7863 11772
964 13138 16323
4879 12294 11482
5388 11186 5634
3607 10833 19382
4024 11869 26845
101 9436 6919
5626 11378 4952
4111 12087 27661
91 8339 8301
4035 13108 27050
6919 16832 25684
4145 11148 27558
1519 16446 15446
5117 13486 14959
7411 19976 20196
6746 15301 18562
241 4866 17740
2985 7203 18719
6879 12603 20838
57 8496 7431
6405 14032 20132
5578 11494 5376
6946 16819 21842
6781 13088 19083
1925 15935 7187
5349 19812 15777
894 7868 11253
4196 12171 25564
4403 11253 28148
5393 10358 5033
4802 15600 28376
3840 14668 26403
3169 5787 21968
1494 14832 16210
6460 11917 19750
2812 7682 17976
258 5846 17794
2123 9261 21685
131 8232 7238
3811 13094 30017
630 9837 13778
3396 9955 18633
5976 20110 12457
6616 14629 19779
6579 12833 20869
6986 17572 23118
6404 14198 20273
4806 15644 28145
267 4240 17932
5463 11026 4693
5757 15252 13250
2373 2931 21479
1677 15902 14968
1310 10187 11845
6542 13473 20359
1717 15738 16016
1718 15754 15996
2450 8119 20752
5205 17965 17263
2145 7844 23536
454 5905 18203
4062 14309 27623
4500 13038 24949
1498 15243 16200
1060 9629 14277
4239 14682 25198
840 9973 16345
2911 5775 19798
6651 16343 20288
5555 10210 7260
105 10214 7119
1159 7420 11736
5866 19534 11041
1395 7746 11525
2942 9464 23382
4555 11863 28138
2598 7613 20816
2934 10825 21824
4764 15865 27866
1286 9463 11616
685 8896 14011
6807 13314 18698
26 8096 7408
6062 15808 11526
6486 12356 19929
1792 14298 8162
5386 11433 6241
6920 16891 25845
2116 7857 20064
5849 15365 12631
1780 13770 8629
68 9638 9152
3213 9221 17655
601 11057 12404
265 4634 17805
6763 13946 21113
3372 10052 17895
4788 16195 28385
1858 14889 8308
4430 12635 26784
1344 11512 10996
3122 8404 24005
4274 13858 24525
5008 13947 13509
6652 16027 20033
7063 4788 13829
3178 9111 17663
4845 16615 28657
3128 6878 24774
5017 13142 11725
6016 17565 10004
2496 7613 23313
4087 13642 27048
3219 11733 18010
4483 14548 22069
4907 12889 12101
4817 15991 29304
578 8150 13530
5353 20001 16732
2782 8939 21727
3376 13453 18083
6179 15318 12749
3955 14278 23724
754 7532 11551
2685 7987 19924
1674 13448 14811
517 4984 18726
3975 14312 25421
2916 8879 21293
1393 10408 10125
5477 11668 7824
6942 16699 24370
3908 14213 26879
4487 10699 28403
4642 12671 27497
4204 14343 29167
2605 7406 19654
1724 13790 16341
6094 16873 12121
4090 13245 27662
2745 6318 19110
3190 9497 17782
6571 12929 20567
6925 17368 22896
4255 12395 22279
6723 12349 20434
7272 4912 10597
457 5692 18330
6224 17054 13692
4477 12442 22166
6975 17673 26569
2860 7299 19011
2422 6438 21356
6732 12606 19633
3180 8849 17966
232 3180 16892
3016 8393 18600
397 3518 16723
2311 10214 20961
2505 7099 19375
486 4506 18042
3245 13220 17715
4919 13337 16220
1194 11496 13479
2837 7403 23221
6980 18167 28501
2625 6522 20428
1234 12633 15471
6342 15340 20586
802 9989 12493
7074 7478 16318
609 7287 12500
4706 14542 30113
6354 13566 20167
2617 6893 19433
4336 11202 26768
4480 12696 21898
1821 16110 5707
2922 9199 22280
4415 13017 25500
3159 5324 19389
2729 4807 19612
4129 13296 26893
4240 11849 25859
6559 14758 21135
682 9011 13993
826 9796 14690
3056 7967 18023
273 2419 17242
1842 14824 8221
2095 7525 24530
3362 11277 18098
3799 11040 24083
6855 15551 22842
2791 6051 24596
4939 12431 11020
1489 14324 16185
2935 10663 22051
9 9999 7938
5028 14533 11499
1017 10767 15357
5015 13021 11958
1790 13391 7632
4869 14229 10990
5923 18498 10605
6397 11508 19588
462 5334 17378
6162 16552 13242
4679 11296 28117
5414 10400 4560
3106 7738 17965
2790 6466 24357
5639 10394 8637
6248 13312 18813
3404 10862 19037
6858 15492 22967
3382 10955 17941
3363 11355 18098
2463 8368 23574
6029 14992 13485
5191 19739 16417
5845 22279 11913
326 5392 16202
4249 13132 30424
7323 8199 16104
3348 11377 16931
6731 13051 18769
2938 10436 22416
6812 14079 19411
2290 4818 21244
940 11518 16564
5356 20075 17905
6573 12645 21510
2164 5913 19869
654 9280 9861
4469 12229 26315
5831 18510 11773
4066 12361 23231
1623 14024 13970
2564 10598 21750
1206 12603 13318
485 4744 18000
4812 16022 27902
4211 13476 26571
3687 10939 18087
1038 12464 16579
145 8393 8231
6328 15390 20189
5558 10225 6792
6826 14131 21736
5951 15760 11774
3023 8663 18808
4029 13469 25173
5186 18979 16668
7165 7982 16823
4142 11299 27190
3383 11047 17737
4603 14398 23668
5078 12876 15524
1515 12094 16784
5884 16240 13719
2297 9557 21204
1377 11136 16722
3353 11541 17427
3907 13996 26992
5182 18810 18229
339 3067 17771
1351 12876 16471
5600 12647 5881
5374 11800 5534
2619 7392 20152
3119 8737 17640
6273 12715 18633
3920 10885 28725
294 4096 18646
7081 6921 15020
7037 17219 26762
2012 14075 9555
1949 15210 8132
495 3746 19559
6282 12893 21493
2227 7136 18825
1488 16365 14837
1739 14984 17545
2895 6002 21267
1331 10944 16043
4852 16171 29073
2089 10025 19851
4068 13759 27082
7441 1908 12908
318 2562 19391
4958 12763 14951
1082 11730 16535
6313 15926 21601
3847 13669 27583
697 10411 12883
5898 16021 11008
4112 12130 27671
2377 10366 20524
5490 10325 4002
5746 19598 13092
5241 19481 16298
1127 9283 14156
6433 15707 22496
7297 6243 13894
2483 8430 22405
6725 15672 20510
125 9967 9850
278 2509 16246
4809 16048 27961
3336 11421 19033
5245 19747 16143
4269 14355 24185
2836 7392 23103
6448 12047 19888
4863 13428 12408
4416 13119 25483
6217 15049 13906
1103 9240 10454
4882 11497 11521
5390 10916 5286
6339 15109 21274
6220 16340 13475
6551 15716 23652
571 9659 11943
5935 18431 12913
4466 11505 26185
6049 17453 12470
5099 13649 13777
3029 8834 17418
5239 19033 16395
194 8467 8772
40 9587 8691
4185 11312 23413
2478 8205 19150
7124 3919 14375
3987 12881 27376
2756 5111 19744
4435 12319 23666
1906 16282 7630
5417 12236 5819
4842 16847 28705
2137 9052 20351
7401 13308 9968
49 9920 5213
5165 12993 9866
3894 13856 28234
7423 15580 5368
382 3266 19722
1738 14877 17601
6362 16457 20785
1402 8718 12523
6730 13134 18604
6534 14065 20013
1886 14627 9231
6142 15634 13315
2527 8857 23946
6303 14396 19633
1649 13494 16872
236 5337 16863
5799 16824 10476
5141 13268 11063
3647 13888 18134
459 5455 18391
1359 8596 13777
6994 18047 25666
1759 15325 16299
5171 20917 21159
222 3456 19760
3478 10058 16725
4841 16880 28722
2805 5270 22374
5703 16116 13049
6856 15478 22808
4622 14123 25187
2586 576 20989
1396 7723 11514
2969 7775 21036
3643 13357 18042
5817 16858 12515
6364 16467 20702
5680 11589 4498
6861 15674 23480
1712 15768 14636
3047 8554 23395
4966 12768 10967
1575 17328 14734
4225 10914 26358
6783 13049 19349
6952 17311 21759
2579 4986 20042
6508 12825 19490
2394 6636 18104
5345 19854 16718
7097 5371 15112
4598 14139 22013
5411 13236 7603
4032 11892 27102
5512 10843 5913
1685 16839 14350
6643 15297 23324
1342 11488 10913
4839 16885 28684
5969 19010 13963
6208 15921 11556
330 2599 19214
6165 16327 13044
1099 12144 13314
4818 16002 29263
7032 16672 22584
3012 9335 22344
5159 14131 11717
4729 16591 28982
3808 11476 24782
5583 10828 4765
4516 11784 26291
7030 17202 22077
1697 15313 16277
2277 7267 20379
6553 12982 20356
4588 12789 25753
6073 16627 12903
1856 14532 8378
6265 15057 23925
2973 9710 21583
4645 12607 27605
861 10481 13852
5562 10617 6342
5441 10565 4344
4998 13428 11335
6218 15150 13828
6207 15921 11604
3247 13245 17967
4444 12110 27472
5453 10467 4151
5768 15016 12494
3483 10594 17734
1404 11642 11083
5597 12647 4411
4824 15921 29146
4673 13027 29738
2122 9286 21591
3129 6508 24913
848 7289 11865
4621 14123 25333
3299 12245 17333
4974 12800 11456
5249 19800 15697
600 7210 14272
808 11137 11289
3186 8839 17404
1325 10247 14642
3949 15375 29785
3386 11596 17686
893 8089 11636
2538 8193 18347
2983 6963 20900
141 9370 8862
4691 11666 23276
1880 14348 9128
261 5368 17826
5874 16197 13569
4207 12090 27223
607 7487 12495
7021 19226 26668
5914 17579 11210
3318 9590 18087
962 9167 10111
1374 10606 14595
2681 2989 21007
2203 7980 18219
6656 14445 19289
3882 11705 30037
4218 12748 26969
2379 8658 18670
155 8080 8640
5721 21382 10562
4097 13305 30239
6993 18023 25642
4054 14435 23501
4232 10964 25138
966 11289 12508
5677 10278 5309
5098 13600 13767
6186 17665 13244
5023 12615 12677
4118 13870 26742
5281 17720 18272
6315 14614 21078
6490 14651 19443
3947 11957 24108
2257 6857 19792
6190 17708 13485
1145 10723 13816
6234 13018 18630
4105 13402 28278
1340 11411 10788
1523 14290 15312
5963 18627 13050
6402 11318 20172
3686 10965 18126
972 12147 15846
6164 16381 13140
666 7744 11851
250 6535 17287
633 10361 12212
3634 12524 18092
2180 6776 19622
6472 15609 19801
2750 8576 19331
3 8102 9613
7349 18246 21630
2202 5920 20141
4790 15902 28527
396 3197 16719
5727 19894 12350
790 8610 11318
3412 10995 18018
6020 17773 9025
3735 13241 17815
55 9940 6003
7098 5327 15127
563 11177 14972
1148 10814 14101
6091 15902 12136
2980 9437 22471
4270 14323 24152
4292 13280 25552
595 10519 12329
5213 19624 20314
1876 16196 8145
2064 8046 22126
3071 3258 19967
2097 8991 20385
953 9712 13072
1862 15349 8057
756 11166 13293
2083 8875 18890
4765 15719 27936
671 7232 12502
6676 14203 18956
4365 11798 22470
4781 15497 29277
312 4677 18454
3708 11057 17825
1383 10028 15851
4768 16029 28772
1957 15465 9562
1843 14786 8211
6818 12872 21174
7352 10333 8932
2204 7764 18525
4536 12955 28670
2134 8940 20123
3212 9231 17662
343 3815 16650
407 2628 18326
5011 14631 12806
6691 16283 19396
4746 16137 27448
53 10081 4763
2327 9381 21362
1394 7692 11612
857 8600 12323
4005 13572 27255
5475 11629 8025
5320 16575 18505
884 6940 12175
4343 11957 25858
1848 14694 7683
652 8960 10219
820 9691 15453
411 6043 17288
3775 14874 29331
3896 14099 28206
5751 17660 10992
6833 16389 22340
3734 10289 17501
1587 15182 15917
5813 20356 7566
5865 19510 10937
2785 9094 21812
6297 11456 19883
3019 8476 18915
4265 12667 21942
1716 15649 15955
4652 13263 27108
4081 12141 28280
2346 6785 21927
146 7971 9482
4629 14463 25582
4354 11197 24774
4514 12977 25973
6256 14945 21851
2474 7669 20502
7405 13572 4740
1598 15701 15422
224 5185 17646
2223 10268 22362
4561 12998 30094
4406 14429 28346
663 9097 11009
2939 10307 22550
4796 16600 28250
2590 281 25204
4140 11289 27061
6959 19785 22923
5001 13529 10894
2060 8467 21508
6092 16226 12077
2080 8679 18894
6792 16262 23042
3784 10878 26780
6390 12063 19018
1317 10382 11859
5587 10720 4425
2549 8861 23235
5401 10302 7934
5876 16003 13724
2554 7596 23224
4618 14247 25576
775 11881 15822
6296 11377 19883
2316 7267 18692
7240 6201 16010
3440 11505 18470
3496 10988 18680
4702 13227 30721
2234 8035 19080
3744 12504 18184
547 9465 15696
6386 15778 19218
3469 9668 18135
5126 13210 14007
488 5387 17685
5398 10505 6810
5901 16152 11491
5657 10801 5997
6710 14989 19310
2062 8273 21671
1336 11704 14103
1569 17641 14643
3197 8865 18227
6482 15533 19999
2646 5598 19779
3984 13000 26191
1288 9525 11261
6137 15639 13648
968 11427 16286
531 5063 18048
1614 15724 16209
2115 7510 19497
2035 9716 23586
1746 15936 14291
5036 12533 11888
6112 15608 11318
2214 9134 21407
5765 17516 10286
6077 14505 13319
693 12332 9967
3866 12568 24249
3028 8752 17627
2879 8610 22748
2490 4500 19677
6026 15392 13361
3395 10667 19693
6658 14562 19411
207 4833 17311
4867 13861 11491
2531 8750 24016
5635 10244 8436
2138 7600 23682
2281 6814 20791
401 5781 18029
7177 8598 16476
4242 12099 23315
5636 10515 8400
5449 10336 4212
512 2576 19295
2696 7948 22494
390 3730 17199
3512 11998 18386
1816 16246 5056
4052 14744 23652
1897 16327 8152
4094 13472 27526
3059 8205 18355
615 9107 14344
117 8613 6813
6002 20735 13294
4972 13294 14375
4446 11991 26686
1319 11046 15298
5407 12108 7923
5533 13400 9111
642 10078 10536
6523 16275 18495
5565 10868 5746
3097 7654 17541
2144 7800 23723
4856 16149 28406
5517 11468 8497
2475 6886 21087
340 3110 17685
5664 12141 8929
1005 9029 10277
5243 19670 16211
1188 12053 13470
5439 10577 4322
2252 9095 20008
3677 10637 19459
3474 12346 17861
3151 10314 22465
1588 15238 15811
510 4528 18238
5695 12071 6830
4965 12633 10972
4243 12242 23407
6470 15505 22935
5185 18994 16939
6499 16238 21595
1452 14910 14361
6147 14949 13878
5526 11662 8319
6546 16155 22769
833 8700 11466
392 4657 18633
1048 8134 10940
2766 4111 19667
420 6856 17184
5738 20473 9697
4969 12734 10969
6088 15357 11989
89 9690 7634
6550 15096 23292
333 2784 19189
6744 13417 20016
5531 13313 9068
2583 4556 20176
1811 15652 8782
5755 19645 12515
4982 14176 10714
5537 10425 5389
1387 10283 9839
2657 6791 20509
2810 8216 18354
592 9498 10533
1665 14902 16568
3543 11999 18958
6306 12926 19852
1475 15808 16880
1269 10018 12062
2948 9744 19640
1774 13542 10121
6134 15315 13871
1561 14346 13817
879 12307 15754
1283 8249 13142
5795 17584 11395
6372 14935 21619
2335 4560 19489
2049 9710 21353
2237 7702 20704
3998 11940 24890
6410 13598 19932
4590 12752 25710
6130 14806 13592
6278 12371 21017
3713 9386 17258
2042 10111 22977
3233 10835 19662
1168 12165 13411
6458 12208 20470
5258 20071 16432
6264 15028 23592
5714 20095 11478
2482 8206 19139
5569 10915 7626
231 2884 16988
4949 13084 10737
2758 5165 19742
7119 4051 15057
4519 12964 30823
3246 13239 17734
3364 11401 18098
4507 10750 27250
6172 16473 12389
7011 17789 28703
1964 16156 8771
5348 19781 15808
2441 8600 19650
2651 7694 22538
753 7519 11546
1639 15159 15639
3511 11916 18317
639 10032 10691
5841 20531 11652
4727 16577 29001
4953 12971 14762
864 10796 13966
1542 13622 13953
4156 13332 27844
4931 12965 14339
4093 13510 27544
3217 11645 17784
5322 17033 18641
6561 15382 21382
3929 10305 25985
4864 14620 12817
6238 13631 19409
6358 13634 19792
6072 16594 12869
5266 21346 15861
757 11192 13285
1166 12295 13448
5712 19902 11381
7383 9944 20776
3290 11067 17167
5084 12194 12062
6352 13251 19482
1990 13553 5074
1603 15635 15984
443 3975 18378
1840 14953 8193
4320 12604 30312
2046 11121 21848
6877 12578 21152
2744 6292 18774
6325 12517 19916
6037 18497 12587
4692 11455 23778
1807 15655 6243
5443 10170 8603
7269 8053 16026
1833 15657 8699
1737 14757 17658
1509 13601 16136
4978 12858 10785
3794 14098 28621
2612 7548 20093
4801 16404 27792
818 9770 15558
478 6050 17271
3079 7994 17631
6078 14816 13034
618 9726 12566
5108 14062 11537
4749 16164 27734
3652 14126 18104
3953 14424 23843
2139 7594 23794
3627 11642 18124
