5766 17477 10257
2838 8581 21772
136 8154 7728
4858 13260 15620
1862 15349 8057
146 7971 9482
1992 14698 6141
4081 12141 28280
2859 7183 19083
124 9794 9891
3933 10418 25472
4897 14038 13401
1559 14386 13783
3728 11268 18238
5400 10389 7900
2681 2989 21007
4784 16798 28531
6283 13082 21595
3240 11717 17349
5742 20802 9610
5322 17033 18641
3593 10282 18693
6936 17479 24565
3113 8558 17796
1444 14696 16619
4591 12752 25758
3271 11462 18402
3748 12255 18826
3540 12185 18804
4600 14361 23647
7089 4814 10140
6017 17671 9810
3581 9576 16496
4259 12618 22458
2375 8088 18776
7132 4785 10773
4722 15375 27679
162 8270 8755
2484 8248 22384
1972 15996 6011
3945 11798 24022
2451 8044 20726
5984 17766 9360
5728 20077 12394
6825 14063 21732
1229 9852 12463
960 9859 10824
6355 13581 20085
6658 14562 19411
5096 13378 13869
1600 15736 15716
6485 12419 19846
1314 10396 11882
1613 15744 16134
2012 14075 9555
4402 11226 28153
1976 16054 8642
4758 16343 28938
131 8232 7238
1839 15027 8156
1340 11411 10788
894 7868 11253
2596 7458 20885
2608 9842 19614
737 6755 12808
4982 14176 10714
6662 14630 20132
466 2807 19557
1574 17394 14724
6298 11719 19737
3544 10606 18731
7112 5241 15822
1080 11669 16452
1876 16196 8145
6202 15644 12105
4512 11168 27028
5106 14183 11366
6409 13842 19956
4387 10692 27851
5827 17729 11613
7192 8420 15310
4140 11289 27061
4433 12168 23736
2666 4845 19704
7063 4788 13829
3841 14733 27153
6068 15492 12165
4032 11892 27102
2206 7489 18875
4049 11629 25860
1825 15681 6426
1638 15375 16462
5382 12476 7426
1863 15598 7990
1204 12754 13885
1601 15731 15752
2090 10359 19845
2592 5480 19201
352 4101 18152
7078 8282 15326
