6323 12998 20247
3573 12085 18177
4761 15687 27468
3714 9435 17763
5903 16350 11674
159 7883 8899
2338 9286 19713
5076 13752 11736
6057 18016 11350
7158 5628 15033
4757 16152 29030
111 8088 7799
255 6304 17932
4098 13424 30309
7060 5419 13559
6651 16343 20288
7056 5332 13261
6962 19439 22792
2390 6747 18244
4900 12533 15101
4850 16707 28397
674 6890 13053
1648 13737 17024
1172 10210 14534
4062 14309 27623
272 2530 18039
5251 19926 15697
332 2741 19164
5006 13537 13965
5510 11052 5971
1679 16139 14887
5328 18494 18273
632 9280 12837
3985 13114 26414
1170 10149 14130
3881 11553 29853
5947 15469 11586
4480 12696 21898
2010 15601 10008
5057 14773 12262
1242 10707 14927
772 12051 15326
5380 12237 4507
463 5376 17089
1914 13394 5841
6508 12825 19490
5343 19922 17911
5027 14571 11479
416 5432 16652
3071 3258 19967
2938 10436 22416
1086 10382 15096
3826 12831 26535
6732 12606 19633
1890 14824 9128
1913 14913 8749
326 5392 16202
1075 11415 16452
1285 8352 13095
1070 8954 12305
5236 18750 16508
3680 10742 18745
6700 13131 19562
4322 13180 26380
2849 6938 21976
4074 14242 27488
7296 6175 13875
2571 7099 20155
5435 10175 9160
1969 16260 8497
2889 8275 18544
1430 10616 13709
5108 14062 11537
2441 8600 19650
6408 13881 19995
6391 11864 19120
4735 16301 28032
5570 10891 7563
2097 8991 20385
4642 12671 27497
736 6774 12706
1471 14173 15073
5948 15692 11591
1709 16401 14579
6328 15390 20189
2688 8175 19579
305 3990 17484
7415 19712 14356
747 11485 15632
4650 13193 26989
2610 6993 18327
3437 12870 17915
1442 14595 16634
4839 16885 28684
5971 14997 12189
682 9011 13993
4637 12966 26358
724 12461 13716
3092 7802 17766
4492 13155 27477
343 3815 16650
1968 16270 8533
1412 9365 12979
5829 17905 11608
5586 10736 4386
7400 12996 11264
5822 17206 12131
3607 10833 19382
3030 6268 19819
5566 10883 5673
6477 16889 20114
6402 11318 20172
7331 9193 17113
1547 15768 14747
3909 14359 26884
6665 11394 20029
2146 7763 23514
5326 18030 18415
1868 14861 9780
7182 6231 15911
1667 15423 16613
6798 15061 22555
850 9828 12505
4960 12594 15280
4318 14004 25954
3972 13000 25824
5235 18707 16575
76 8523 7168
3829 12977 26796
1889 14772 9117
895 8898 11809
1817 16218 5214
5802 16170 11203
5787 16142 9344
4292 13280 25552
3742 12481 18383
4521 12786 30428
3216 11610 17735
3148 10260 22202
1845 14768 8109
2129 5247 22385
3198 8811 18320
2614 7855 20096
5001 13529 10894
5191 19739 16417
6498 15710 20997
7180 5820 16049
619 9398 12004
5642 12063 6226
802 9989 12493
6608 14318 21691
3735 13241 17815
2729 4807 19612
4397 13911 26822
1203 12608 16620
615 9107 14344
4570 13375 25310
2678 3632 20793
5719 20705 10965
1192 11598 13475
1393 10408 10125
547 9465 15696
5085 12257 11908
7019 17162 23480
591 9448 10343
5022 12571 12430
4076 13220 25967
2122 9286 21591
5285 17841 17698
7313 5435 14922
333 2784 19189
5454 11313 6366
5883 16202 13768
7348 6443 15447
7138 8174 16883
5151 13576 13547
4463 10922 26255
2091 6808 21602
7122 3812 14609
6090 15681 12121
5098 13600 13767
680 8743 14083
3303 11923 17097
4748 16159 27707
4726 16734 28920
1630 14869 14668
833 8700 11466
5141 13268 11063
2967 7609 21038
808 11137 11289
5774 16510 11941
1115 11866 13091
3806 14682 26046
5252 19955 15716
5599 12749 5446
5460 11113 4335
1537 12682 17022
956 11913 15600
1190 11863 13489
1940 15458 8549
6626 13227 18487
1735 14543 17765
3862 12260 25158
1721 15843 15981
4075 13134 25781
3197 8865 18227
5053 12692 14109
2406 9519 22055
3952 14559 23576
3099 6483 17923
6544 16155 22964
3158 5109 19533
3893 12807 28333
4831 16678 28796
3063 8187 17990
7269 8053 16026
149 8233 9277
5055 13034 14290
2469 8802 19982
6779 15372 19670
835 11324 16219
3650 14032 18119
2549 8861 23235
11 8562 6777
7009 18393 28446
6141 15706 13223
6641 16252 20918
7427 14016 13264
2693 6516 22306
3375 12463 18091
5139 12462 11208
823 9644 15180
1683 16745 14619
6036 18419 12674
5112 13517 10374
388 3833 17238
583 9696 15955
5113 13584 10199
2484 8248 22384
131 8232 7238
1602 15696 15848
5086 12271 11825
1840 14953 8193
5248 19771 15706
2998 2267 19798
117 8613 6813
4677 10923 28830
3186 8839 17404
2263 5876 19578
5504 12023 8169
4353 11180 24795
6536 12393 19662
1712 15768 14636
5223 18325 17470
5119 12914 15359
5874 16197 13569
3887 12148 30253
7055 5756 14288
2236 8370 19113
6423 15390 21126
4482 14424 22063
1135 11809 15440
3106 7738 17965
3184 9073 18142
6417 12169 21077
4740 16227 25735
6035 18347 12655
1893 15015 9164
417 5485 16695
6904 19764 23634
5593 12684 8820
2598 7613 20816
3257 12676 17528
5471 12000 7271
4251 13316 30554
345 4025 16317
3798 10683 23822
558 11784 16295
5581 10445 7129
55 9940 6003
7052 6321 15341
734 8780 14338
429 5992 17634
5789 16679 9784
4371 14182 28388
2351 5427 20085
383 4080 18286
2368 413 22839
2251 9100 19997
3249 11942 18464
7237 6097 13777
1059 9590 14376
896 9280 11588
3713 9386 17258
6107 14808 13358
1821 16110 5707
2590 281 25204
1885 14575 9309
4712 15871 28983
5650 11392 9160
4542 11404 28005
647 10280 9753
5725 21905 10107
4782 15734 29255
652 8960 10219
6261 15120 23235
1101 12022 13264
3290 11067 17167
1948 15055 7969
2709 3524 19989
2497 7774 23313
7413 19960 17156
3877 11256 29134
7367 4512 10374
5844 21269 11662
2272 7778 19721
3922 10690 28920
5553 10192 8061
6876 12549 21230
1572 17565 14739
1825 15681 6426
4654 13818 26767
3396 9955 18633
765 11842 14505
1578 17207 14688
4291 15213 29306
4149 13485 28677
7131 4692 10676
2327 9381 21362
4486 10840 28446
6305 15837 23279
1229 9852 12463
5084 12194 12062
5759 17790 13139
2495 8051 23835
3525 9311 17716
6938 17137 24136
120 8406 7003
6765 14346 21376
2839 9088 21419
4203 14716 29167
6599 15021 20234
4031 13308 26027
6424 13371 18953
1344 11512 10996
3691 9831 18589
3271 11462 18402
2201 5926 20012
2391 6652 18163
3997 13926 22058
53 10081 4763
5959 15169 12168
790 8610 11318
160 8051 9027
5436 10357 4404
1588 15238 15811
5394 10233 4863
1656 12839 16714
3821 13454 27356
4872 13604 11564
1809 15339 8698
6505 12723 19656
6999 17842 23956
1048 8134 10940
2929 11051 21456
1445 14757 16503
4892 13099 13212
4758 16343 28938
5864 19490 10788
1864 15651 7949
4851 16285 29371
5729 19205 10520
6573 12645 21510
7222 8280 15551
4052 14744 23652
6576 11726 19692
2543 4286 20060
866 9221 10056
6040 18563 12342
6812 14079 19411
5718 20695 11013
2946 8833 23758
524 4982 18307
1481 16823 16017
7211 6217 15557
18 9076 6606
6315 14614 21078
6945 15515 23878
6341 15260 20684
4543 11575 27902
2996 7005 19793
1066 11536 10513
1240 10670 14592
2780 8821 21940
528 5079 18012
3084 6904 17788
6925 17368 22896
1429 10572 13720
4978 12858 10785
4124 14038 28985
6537 12484 19594
6955 20514 23172
5595 10525 4686
5542 10594 4925
4164 13856 28163
4281 13845 27274
3299 12245 17333
1812 15686 8743
7100 5366 15171
856 11504 14673
4525 14280 27271
6751 15736 20163
1763 15746 16534
7277 8254 16450
4633 14307 25828
664 8436 11428
1011 10323 15256
857 8600 12323
4724 15526 29615
872 9496 11949
6569 11661 20361
4690 11906 22694
5012 14931 12554
3011 9314 22392
2052 9735 21107
845 8797 12657
85 8642 8525
6530 15424 20971
6365 16588 20575
4400 13011 26466
4867 13861 11491
1351 12876 16471
3514 12188 18465
3822 13422 27356
6522 15838 18490
4820 15937 29125
5293 20281 19138
3110 8027 17699
4014 14245 25863
6467 14281 20191
5836 19744 11705
4798 17042 29019
6528 15236 20811
6286 12603 20869
1961 16132 9350
1992 14698 6141
900 8146 13917
5146 13475 13418
1002 11890 16465
4859 13647 15674
546 9437 15695
2232 9501 19560
6538 12601 19429
6843 15234 22179
3059 8205 18355
4079 13207 25940
1862 15349 8057
4987 14118 10690
2100 8858 19492
4624 13901 25328
6266 12167 19222
63 9606 8820
778 8236 14066
2443 8055 19564
2809 8392 18452
6411 12368 20984
172 8665 8105
2422 6438 21356
7228 7721 15067
7347 5946 13520
1359 8596 13777
7118 4104 15140
1568 15361 15394
557 11769 16364
2531 8750 24016
5723 21711 10262
4243 12242 23407
6961 19632 22850
4629 14463 25582
44 9681 5224
3330 10608 19485
6603 17301 21374
1523 14290 15312
5827 17729 11613
5421 12758 7765
1762 15683 16407
620 10047 14615
3047 8554 23395
6662 14630 20132
6237 13490 19502
298 4420 16834
6459 11988 19716
804 10244 12267
1057 12242 15383
6598 12739 20869
5123 13734 15455
1722 16502 16428
3705 11516 17418
750 7716 11621
4509 11166 26996
6790 14425 21561
2966 9619 21771
4956 12850 14873
3263 12628 17449
1188 12053 13470
5770 15121 12878
7382 10364 20772
6326 12458 19813
5605 12747 6792
1118 11946 13489
4560 12777 30132
1863 15598 7990
2402 6832 20005
1564 15265 15393
2079 6396 20806
3820 13471 27383
1541 13592 13921
3310 10951 18480
6332 13811 21424
1354 10652 13983
4714 15865 29026
199 10022 9513
4204 14343 29167
5263 21070 16035
3861 14711 22946
3708 11057 17825
7064 4651 13883
2182 8888 19628
5487 10378 4510
935 7674 14418
3227 10032 17065
3145 10421 21718
3079 7994 17631
403 3594 17806
1394 7692 11612
4554 11735 28084
574 8800 10533
2434 10358 19559
1954 15831 8104
1810 15584 8771
2400 5271 19907
5635 10244 8436
3262 12140 17796
362 3902 17075
60 7311 8252
109 7682 8321
7379 14036 21868
3794 14098 28621
6541 13104 18432
6658 14562 19411
3075 3806 21351
7278 8053 16289
5784 16345 10213
4073 14132 27542
6449 14628 19006
1319 11046 15298
5110 14119 11508
3362 11277 18098
1005 9029 10277
2768 9523 21518
622 9971 14902
3270 11426 18474
4106 13402 28542
7162 6588 16045
4810 16054 27902
4865 13699 12501
4661 14245 28734
4254 12336 27035
42 9470 8419
1243 10740 15006
2009 15462 9926
3678 10523 19342
5846 23056 12112
7073 5008 10829
1496 15080 16235
6705 13631 19222
2647 5619 19903
5387 11249 5825
7231 6645 14654
7130 4595 10578
4425 13287 27478
4113 12146 27817
1087 10404 15156
4651 13316 26935
3346 11239 17264
1599 15721 15605
4643 12539 27475
1498 15243 16200
1789 13577 7613
2621 4036 19887
5798 16863 10554
156 9622 7570
775 11881 15822
2247 8399 22799
115 8320 7666
200 9706 9398
3225 11812 18423
4294 13559 25687
1663 14382 16320
6360 14316 19227
4897 14038 13401
6512 13454 19256
915 8248 13470
3210 9133 17322
5024 14417 11430
3770 11768 16901
4741 15456 28783
4369 11931 22639
4431 11979 23595
7050 7323 16192
