6959 19785 22923
3116 7711 17375
1657 12879 16750
116 8843 6973
3895 14051 28217
3412 10995 18018
7194 8732 15724
853 11457 14228
2318 7212 18525
187 9388 8045
4756 16818 29127
1928 15041 7342
3413 10933 18028
6896 17304 22821
1964 16156 8771
6974 17381 26074
4572 13657 26690
850 9828 12505
4593 14399 24294
6326 12458 19813
6074 16652 12874
2456 6866 20774
2435 10198 19543
7398 12016 12788
94 8286 7781
6340 15182 21103
1907 16489 7537
3981 12844 28239
986 13170 15756
3262 12140 17796
3559 11743 16720
4047 14892 28603
1451 14819 14125
3536 8992 18083
1963 15841 8730
5138 12452 11238
533 3067 16192
3036 5684 20115
4699 10104 26507
1702 15609 17105
3234 10848 19706
6448 12047 19888
901 7618 12339
6614 14342 19833
6533 13782 19641
6236 13465 19572
5223 18325 17470
2745 6318 19110
1273 10730 11391
7359 11619 17001
1232 10391 15981
1797 14337 10320
3425 9852 16867
5761 16565 13211
1386 9841 10284
5439 10577 4322
3700 11258 17810
1590 15308 15568
1154 10976 11333
5235 18707 16575
6953 21016 23138
1343 11505 10961
2508 8857 19846
3844 12564 27679
7035 16939 23940
63 9606 8820
2805 5270 22374
2882 9190 21674
281 2451 16722
1395 7746 11525
1512 12753 16556
1806 15698 5598
3643 13357 18042
916 8336 13609
4995 13825 13570
6191 19345 11477
943 8011 12468
1593 15243 15373
382 3266 19722
5511 11004 5991
2186 8852 19410
6073 16627 12903
4081 12141 28280
190 9445 7320
6034 18206 12578
3289 11014 17154
7381 11552 21140
4953 12971 14762
2606 7460 19762
6046 17535 12744
240 4870 17787
1501 15937 14751
564 11090 14578
5533 13400 9111
4836 15728 29626
3816 12510 29531
5859 19018 10441
7430 15972 14104
6763 13946 21113
5610 13113 6745
5190 19647 16426
135 8102 7679
6110 15202 11410
3218 11681 17896
5323 17193 18653
2223 10268 22362
923 9231 15689
4105 13402 28278
5934 17947 13155
7284 8288 16738
2531 8750 24016
345 4025 16317
785 8580 13474
2940 9878 22978
6065 19185 11534
2086 7256 20616
5908 15510 14031
1580 17106 14522
4104 13868 28736
588 9176 10401
6527 14776 21624
45 9755 5240
2140 7609 23844
2874 8445 18480
2664 7320 20526
5633 10176 8439
4497 14476 24722
2420 6556 21265
3708 11057 17825
6031 17674 12834
1851 15165 8464
486 4506 18042
5800 16463 10771
2512 8471 20473
2883 9142 21658
1099 12144 13314
4711 15887 28988
208 5039 17354
4129 13296 26893
2950 9213 19176
6619 17541 20919
1763 15746 16534
2070 7675 22926
618 9726 12566
4910 13484 11690
5428 12729 8219
255 6304 17932
2042 10111 22977
4766 15606 27979
2633 6425 19181
2706 3763 21355
6486 12356 19929
2018 13982 8255
2203 7980 18219
4252 13402 30583
4703 14023 30093
4243 12242 23407
4656 14055 27113
3134 3213 25125
1223 10673 13577
3032 6325 19428
6798 15061 22555
1658 12995 16785
6154 19927 12763
3890 11806 28727
4768 16029 28772
3003 7850 18626
4111 12087 27661
270 3243 17837
5383 12631 7421
5257 20594 16171
7087 6732 15390
5750 17258 11084
5150 13576 13452
7079 8327 15253
4482 14424 22063
6979 17972 28594
3434 10917 17444
6860 15346 22933
4040 13988 26623
494 3958 19445
4959 12599 15202
414 6087 16967
3878 11364 29291
3007 8102 18293
5448 10914 6778
1802 15011 5683
6506 12757 19573
128 9249 7722
5618 11063 5444
5772 16655 12590
1404 11642 11083
5689 11391 4817
3540 12185 18804
960 9859 10824
5258 20071 16432
6855 15551 22842
6999 17842 23956
1134 11695 14717
3059 8205 18355
5301 20971 18248
5666 12204 9006
4327 12680 25894
7139 8028 17077
6411 12368 20984
989 8985 11992
7433 18100 13388
6904 19764 23634
7040 18939 23492
3148 10260 22202
2146 7763 23514
74 9854 4880
4841 16880 28722
5625 11073 5049
164 7984 8338
6621 14147 21215
525 4912 18302
2020 12856 5003
5899 16089 11240
5443 10170 8603
4872 13604 11564
5974 16406 13356
2314 7865 19556
6069 15589 12450
4565 13795 30273
6605 13996 21715
3153 3933 20250
5809 18059 7983
6457 12340 20504
1035 11479 10553
153 7719 8308
4285 11726 27752
252 6169 17193
1243 10740 15006
7024 18263 26341
1402 8718 12523
500 3175 17189
7293 6171 13357
3452 11678 18475
435 3535 19414
3046 7921 24070
258 5846 17794
3647 13888 18134
77 8440 7118
2026 13379 4959
1927 15258 7316
1301 7789 14514
4500 13038 24949
3220 11750 18115
1180 10569 16260
7224 8499 15775
6591 13241 18749
2794 5693 23250
4188 11398 23353
446 3398 18801
6620 17930 20486
6561 15382 21382
5145 13417 13408
1842 14824 8221
5663 11889 9372
5813 20356 7566
1617 15547 16343
2736 7646 20142
2000 14015 10186
5744 21034 10773
4859 13647 15674
5149 13528 13447
1445 14757 16503
5811 18249 8155
413 6074 17004
2639 5003 19333
5712 19902 11381
6887 13410 19057
2589 340 25070
3158 5109 19533
2825 6193 24990
2987 4449 21285
5597 12647 4411
263 5006 17794
5832 18616 11773
3694 9368 18524
221 3687 17583
6914 17719 24776
730 10340 15654
2354 5699 21614
1072 11288 16071
860 11929 12479
2514 8418 21043
148 8105 9354
648 10246 9761
3962 12571 24707
703 10434 11567
7022 18771 26634
4092 13532 27533
6444 14527 20564
3864 12292 24861
374 3214 19359
6310 16525 21947
4942 13079 15165
3204 9003 18286
6283 13082 21595
51 10054 4973
2160 7304 21283
121 8422 7045
2973 9710 21583
439 3814 18354
3564 11567 16891
2260 6927 19906
6360 14316 19227
1080 11669 16452
7055 5756 14288
5491 10421 3935
6017 17671 9810
5860 19071 10431
1565 15386 15390
293 4168 18650
5091 12059 11616
896 9280 11588
5210 18449 16412
2656 6775 20471
1622 14004 13930
4712 15871 28983
6063 15934 11551
823 9644 15180
5473 12003 7300
5071 12900 13587
4240 11849 25859
2778 6610 21129
6290 11760 19765
5453 10467 4151
4493 12165 23159
459 5455 18391
1542 13622 13953
301 6321 17547
3477 9827 16653
2449 8178 20774
3108 7894 17832
3407 10974 17897
1497 15170 16235
921 9788 15706
6720 15083 21936
3459 11555 18081
2764 4127 19619
2072 7774 23070
826 9796 14690
6509 13025 19364
2855 6722 19330
3791 14065 28644
1401 8675 12477
3849 12207 29613
1821 16110 5707
6905 20692 23947
6460 11917 19750
6901 18726 25861
5313 21446 16138
4753 16543 28479
4299 10912 27750
2304 6078 22217
4745 16067 27290
6422 15629 20906
4024 11869 26845
6386 15778 19218
4486 10840 28446
80 8144 9160
186 9196 8077
2476 7019 20974
6243 12871 18492
1491 14514 16150
2380 8825 18665
2130 8720 20348
6430 16023 21999
3472 10573 17890
1163 12422 15799
1291 8259 12449
3608 10886 18770
1559 14386 13783
1150 10814 14337
1974 15951 8317
6943 16465 24555
2043 10677 22386
290 3770 16710
7094 6313 15409
115 8320 7666
3187 8723 17701
7399 12284 12624
349 4497 15692
5367 20763 21909
1373 10583 14368
2227 7136 18825
2394 6636 18104
1149 10831 14244
5806 17684 8052
1691 16964 13846
2651 7694 22538
4658 13786 27484
1535 14067 16065
4248 13078 30316
6505 12723 19656
280 2500 16550
5191 19739 16417
7140 4590 10231
5620 11336 5405
3783 10824 26855
5098 13600 13767
1859 14982 8264
2382 6071 20163
4510 11128 26996
6931 20184 26091
2710 3610 20114
4749 16164 27734
4877 12565 11496
5122 13429 15431
4290 15153 29333
1604 15579 16095
1666 15144 16659
3620 11856 18763
1216 11400 12284
1319 11046 15298
7288 5123 13858
2254 9103 19976
3939 11728 24187
745 8478 14592
2152 6861 21834
3199 8762 18438
4555 11863 28138
299 4633 16936
1081 11702 16518
4479 12680 21923
5812 19991 7675
5259 20071 16398
6132 15077 13761
440 3873 18101
1075 11415 16452
5434 10170 8913
755 11147 13067
4043 14007 26661
3808 11476 24782
4629 14463 25582
4408 14418 28389
6936 17479 24565
4622 14123 25187
6179 15318 12749
3815 12645 29660
4635 12907 26272
2804 4999 22496
5968 18879 13881
2252 9095 20008
1067 11453 10266
6050 17390 12136
4145 11148 27558
605 8089 12167
5872 16376 13632
4521 12786 30428
6808 13350 18693
4915 13037 15572
1240 10670 14592
3952 14559 23576
3501 12042 17310
1037 12348 16535
49 9920 5213
523 4969 18467
6438 15223 21593
3349 12218 18111
5275 19463 19897
2065 8017 22191
955 11891 15477
4677 10923 28830
671 7232 12502
4780 16233 28678
6196 19053 9218
5817 16858 12515
2187 8796 19222
2370 1373 22089
4831 16678 28796
5476 11668 7950
3883 11759 30058
4173 10966 23890
606 7570 12467
5494 11287 8526
4931 12965 14339
3196 9058 18331
2990 1765 22144
6420 12388 21150
6717 15931 23110
1633 14709 16275
767 11809 14746
2636 10298 22445
56 10014 5662
4152 12998 28639
3978 12451 27936
4569 13283 29104
1912 14882 8883
6107 14808 13358
5996 14789 13163
3480 10481 16695
3781 10748 27045
5766 17477 10257
6563 14826 21040
5188 19352 16523
4817 15991 29304
2674 9511 20088
3197 8865 18227
3279 11249 19187
1106 9679 11145
3527 9042 17545
1235 12535 16154
5013 12915 12308
2409 9325 21985
891 10736 16247
4116 13725 26662
6926 17592 23139
3945 11798 24022
4172 10998 23825
5843 21119 11652
5919 18247 10659
3942 12460 24458
6532 11341 20427
7414 19848 15812
1555 14139 14093
2441 8600 19650
6973 17152 26005
1976 16054 8642
2369 1276 22154
463 5376 17089
6142 15634 13315
3554 11892 16818
3135 1970 25175
4080 12080 28356
5685 11419 4916
7310 6226 13081
513 2581 19390
2149 6488 22157
2048 11537 21247
1671 13338 14806
732 10180 15795
2956 7810 22401
5304 21029 17718
3404 10862 19037
5991 15213 13023
1003 11829 16487
2771 9563 20187
4763 15795 27644
6774 16605 17860
815 10666 15180
3624 11101 18048
6946 16819 21842
6769 13240 19989
623 10068 14912
904 10020 13447
4301 10988 27647
3325 10503 19711
2075 6458 20971
2112 7867 20950
3776 13478 26513
1653 13242 16569
6198 14972 12528
113 8237 7743
1670 13749 16113
4952 13126 14733
6550 15096 23292
7243 4809 10750
3713 9386 17258
2838 8581 21772
1734 14517 17803
698 10432 12814
6366 14737 18728
84 8650 8531
4283 15035 28703
4291 15213 29306
5755 19645 12515
5555 10210 7260
3273 11558 18307
7158 5628 15033
3106 7738 17965
1421 7812 14589
1182 12374 13410
5963 18627 13050
1196 11305 13558
4964 14465 11338
2938 10436 22416
6526 14810 21238
5923 18498 10605
170 8313 7971
1572 17565 14739
2378 9867 20530
2327 9381 21362
1050 11341 11238
3323 10866 17920
6540 12894 18873
6364 16467 20702
5097 13412 13762
3705 11516 17418
2586 576 20989
5095 13281 13869
131 8232 7238
5733 20202 9339
3725 10643 19612
237 5507 16931
1120 11981 15503
5895 15876 10783
729 10378 15564
1393 10408 10125
1111 10177 14029
4225 10914 26358
3561 11682 16742
2188 8759 19116
52 10079 4811
1656 12839 16714
2863 6099 19065
1314 10396 11882
5255 20042 16127
4444 12110 27472
5484 10658 4825
4021 13890 27599
3850 12353 29783
6094 16873 12121
3144 10416 21638
1879 14193 9366
5741 20753 9581
6522 15838 18490
3555 12020 16774
1487 16305 14696
3615 11412 17649
3401 9789 17264
5907 15583 13881
2171 7077 21216
2011 14174 9354
4561 12998 30094
5547 11141 4654
2942 9464 23382
996 13209 15996
759 11429 13624
1746 15936 14291
5378 12537 4362
651 8914 10255
3012 9335 22344
6415 12169 20994
2992 7251 18301
6757 12401 19075
6162 16552 13242
1474 15697 16981
3266 11715 18264
6117 15900 10563
4474 14060 25964
4452 12389 22797
2708 3310 20041
3988 12865 27354
4705 14395 30113
650 8704 10363
541 11824 14601
2502 7535 21238
6524 16562 18505
1449 14466 13863
1069 8561 12548
372 3057 19402
950 9808 13016
3914 14587 28918
6680 14880 19399
6352 13251 19482
6853 15380 22759
7120 3924 14852
383 4080 18286
970 11742 16253
3073 3736 20731
1030 11332 15629
1588 15238 15811
5692 11605 5095
1289 9502 11178
4355 11267 24795
407 2628 18326
2854 6492 19405
5084 12194 12062
5315 21586 16056
2740 7721 20840
615 9107 14344
4406 14429 28346
5570 10891 7563
4754 16640 28709
5833 18982 11720
2994 7576 18526
1651 13282 16741
2663 10105 21875
4310 13882 24986
1529 13942 14344
688 8674 11832
3754 12734 18479
5340 18936 18174
6512 13454 19256
1570 17606 14678
6981 19484 23539
2267 5773 19562
4001 13507 27115
3004 7920 18502
1918 12991 5748
5864 19490 10788
4475 14173 25899
4855 16099 28309
5047 11757 12158
1483 16968 15956
5881 15844 13952
1103 9240 10454
4371 14182 28388
3462 11615 17748
5381 12491 7694
4099 13580 30442
6265 15057 23925
3149 10260 22251
6528 15236 20811
737 6755 12808
333 2784 19189
5167 21183 19553
2615 7882 19753
1001 12022 16399
1250 9895 12431
6282 12893 21493
2091 6808 21602
2166 6398 19803
5100 13693 13811
2098 9585 20045
2645 5587 19249
2780 8821 21940
5656 10621 5896
127 7817 8172
5415 10284 4643
5456 11120 6144
4041 13939 26650
1518 16300 15366
6023 15277 11710
1315 10372 11906
1637 15239 16472
3481 10530 16873
3957 14299 23769
1687 16886 14128
3193 9399 17970
7300 6604 13680
4873 13487 11554
5393 10358 5033
2945 9010 23682
7028 16993 22010
3263 12628 17449
6900 17237 23201
2971 9764 21350
3644 13481 18095
5785 16200 9594
6996 18066 25599
6765 14346 21376
3512 11998 18386
430 6293 17640
6507 12791 19529
5463 11026 4693
813 10829 15343
4442 12235 27840
1640 15229 15624
843 10899 15845
1984 13579 7624
5922 18518 10631
1265 9037 10100
2623 6725 20869
445 2792 18911
4612 12793 25474
4192 11339 23616
2703 8893 22138
7341 8948 16975
632 9280 12837
5228 18562 16983
2387 6552 19990
3265 11669 18261
5808 17992 7925
4713 15849 28994
6897 17100 23035
6972 17269 25176
2525 8777 23791
925 9103 15750
7176 8798 16700
2897 5373 19100
4653 13372 27054
6131 14860 13582
1188 12053 13470
2632 6522 19508
5650 11392 9160
1090 10470 14803
1784 13794 8329
7212 6256 15391
102 9008 6787
1704 15563 17613
4806 15644 28145
4005 13572 27255
616 10194 13240
2725 3354 20608
1220 10808 13522
5348 19781 15808
4269 14355 24185
4999 13476 11224
6493 14753 19940
585 9567 15699
4445 12051 26759
3877 11256 29134
617 10104 13073
6008 21257 14001
6908 20131 24972
340 3110 17685
3929 10305 25985
1169 10168 14069
1146 10780 13902
85 8642 8525
3299 12245 17333
2593 5287 19018
2377 10366 20524
1649 13494 16872
6256 14945 21851
821 9649 15322
5364 23854 16259
2700 7948 22595
5949 15731 11658
3291 11124 17201
5745 19497 12836
2484 8248 22384
2392 6624 18120
6573 12645 21510
1602 15696 15848
913 9654 16116
3347 11344 17069
114 8279 7708
1899 17142 8600
680 8743 14083
4865 13699 12501
949 11896 15747
4353 11180 24795
5363 23109 16634
5226 18581 17100
5590 12757 9111
7282 7063 16860
15 9992 7896
6210 16164 11489
3390 10751 17914
5184 18984 17041
3140 10375 21345
711 10236 12558
5353 20001 16732
6534 14065 20013
983 8598 16032
4844 16989 26861
1708 16361 14599
4792 16341 28109
6906 20217 24735
105 10214 7119
3443 10651 17366
727 12629 12784
2340 9334 19965
6447 11940 19576
5608 13012 6741
3800 11229 23568
5386 11433 6241
1579 17146 14517
3027 8723 17715
2582 4663 20106
7363 10293 15518
6928 18567 24234
3240 11717 17349
5212 17471 17041
4039 14134 26919
839 9910 16048
1079 11619 16424
6045 17594 12797
781 10327 15504
3314 10663 19435
46 9899 5335
3371 9863 17875
4066 12361 23231
5773 16548 12107
6026 15392 13361
1679 16139 14887
5682 11652 4663
4739 16487 26427
2532 8493 24161
2583 4556 20176
4174 10966 23917
7263 8833 15276
5281 17720 18272
1057 12242 15383
2202 5920 20141
5998 15000 13236
1413 9478 12916
6313 15926 21601
5528 12341 8297
6298 11719 19737
559 11725 16208
5388 11186 5634
4448 11991 26431
2144 7800 23723
878 12104 15728
2147 7750 23567
4513 13036 26064
6571 12929 20567
3720 10711 17480
2232 9501 19560
386 5311 18181
4462 12880 30851
3229 10823 19384
1253 12250 16286
643 10063 10493
2672 6409 19533
5168 20965 20240
919 8413 13896
4286 11662 27768
3055 8035 18023
5337 21802 19985
4864 14620 12817
1608 15729 15422
6211 16420 11403
1249 9928 12479
155 8080 8640
830 8878 11545
4149 13485 28677
5642 12063 6226
1919 13389 6463
4504 11539 25860
3363 11355 18098
1793 14272 7909
2455 7208 21219
4736 17566 28787
2917 9029 21229
2566 10496 21933
6060 17977 11350
3277 11839 18642
4671 12838 29554
3581 9576 16496
4878 12463 11501
5483 12481 5979
4379 13074 26582
4432 12189 23682
6558 14709 20593
5023 12615 12677
3695 9644 18688
273 2419 17242
5409 13270 7642
3408 11014 17913
278 2509 16246
101 9436 6919
495 3746 19559
2350 5384 19900
2601 5058 22845
3729 11381 18192
5057 14773 12262
3687 10939 18087
3969 12449 26627
5887 16900 10942
7206 4765 15359
620 10047 14615
4064 14485 27558
2372 2411 21657
4416 13119 25483
347 4422 16094
754 7532 11551
5971 14997 12189
6402 11318 20172
279 2525 16394
6000 20465 12948
7010 18042 28612
4171 11069 23712
5220 18073 17625
1693 17055 13727
4519 12964 30823
324 5330 18465
5995 14863 13086
736 6774 12706
2277 7267 20379
3852 12624 30154
6689 16088 19623
2159 7326 21345
5834 19348 11666
2767 9518 21362
4947 13626 10925
173 8669 7869
3122 8404 24005
4433 12168 23736
4366 11791 22507
5249 19800 15697
1464 14489 16606
6925 17368 22896
3508 11385 17891
636 10127 11435
3151 10314 22465
6875 12407 21558
1498 15243 16200
3836 14675 23986
3095 7255 17998
3919 10901 28682
152 7621 8257
4360 11945 21525
8 9701 8237
5495 10652 8973
3880 11472 29502
42 9470 8419
1556 14134 14022
2349 5373 19679
2538 8193 18347
2397 5222 19882
6244 13000 18506
1647 14080 17216
5110 14119 11508
5649 11931 9389
693 12332 9967
3264 11548 18248
1349 11401 11072
5282 17739 18093
6227 17401 13246
5966 18690 13547
3681 10716 19007
4860 13812 15704
4608 13875 24126
1742 14808 14107
2448 8264 20779
3958 12385 24636
1317 10382 11859
5596 10346 4875
4094 13472 27526
194 8467 8772
6944 16892 22350
4246 12366 23299
241 4866 17740
199 10022 9513
2154 7057 21641
2175 6909 21450
2433 7740 18076
3959 12561 24706
4419 11206 28487
4728 16559 29028
4837 15508 29730
2681 2989 21007
6181 15431 12768
5938 18329 12710
872 9496 11949
5062 13858 11129
940 11518 16564
7431 16800 13876
880 9209 13206
2704 8957 22004
4971 13275 14322
2073 7836 23138
1541 13592 13921
3016 8393 18600
2319 7158 18438
527 4994 18271
2161 7264 21205
7073 5008 10829
1434 11645 14439
740 11107 11683
6764 14365 21327
3328 10464 19544
5698 13305 9681
2516 8493 21488
6831 15818 22257
866 9221 10056
1204 12754 13885
4107 13424 28704
3587 12214 18225
1354 10652 13983
6991 18939 25666
2655 6802 20460
3360 11098 18059
3398 10472 18718
835 11324 16219
665 7829 11793
122 9018 7412
1644 14366 15322
2117 7972 20064
2422 6438 21356
4899 12683 14864
5954 15345 11868
6348 12561 19161
6484 12466 19807
396 3197 16719
875 11707 13901
3584 12057 18169
667 7617 11949
2624 6607 20637
4223 10496 26326
4573 13812 26625
4729 16591 28982
5394 10233 4863
5031 12571 11258
1709 16401 14579
3515 11115 17799
4740 16227 25735
5309 20667 16173
1787 13673 8305
6209 16046 11507
6722 12364 20238
6907 20131 24886
6632 11672 20242
509 4265 18280
1215 10642 9050
1269 10018 12062
6555 11914 19386
4231 10893 25090
205 8192 9703
4032 11892 27102
7322 8147 16041
2068 7680 22572
6249 13361 18929
5951 15760 11774
3031 6243 19674
5902 16190 11481
6053 17521 11745
1504 15426 15241
6163 16439 13189
5420 12758 7676
2347 5255 19436
2716 3670 20230
4962 14349 11498
7042 20027 23722
610 7159 12506
3471 10019 18266
6701 13355 19412
6924 16910 22369
1786 13702 8319
2014 14025 9270
5119 12914 15359
5264 21225 15977
5165 12993 9866
4207 12090 27223
2848 6850 21847
6848 15510 22457
6339 15109 21274
641 10074 10585
3079 7994 17631
2949 9707 19557
1230 9935 12403
2097 8991 20385
1326 10431 14875
6454 12970 21342
286 2484 17673
5280 17739 18383
1381 10183 16248
6568 11384 20341
5334 19984 18800
1838 15120 8091
1515 12094 16784
4540 14611 27762
2728 4828 19655
6723 12349 20434
2386 6427 19963
1856 14532 8378
1425 7637 14770
6247 13241 18684
5308 20773 16322
6732 12606 19633
5855 15595 11737
4068 13759 27082
9 9999 7938
2527 8857 23946
4633 14307 25828
5293 20281 19138
6077 14505 13319
1288 9525 11261
6543 13308 20551
799 9070 15759
3014 7671 22793
5823 17342 11908
2309 10117 21312
4209 13357 26291
456 5841 18301
4784 16798 28531
1614 15724 16209
58 8222 7250
6587 14373 19692
1211 11627 11915
1061 9690 14161
4284 15224 29346
5185 18994 16939
1161 12413 15967
5373 11933 7808
1692 16999 13797
1145 10723 13816
4300 10998 27761
2101 8987 19487
2044 10863 22174
291 4073 16983
6280 16878 20900
7164 7992 16784
4034 13211 27265
927 8822 15733
6657 14508 19352
195 8369 8696
6894 17149 20520
5215 18917 21011
1218 10701 13426
4400 13011 26466
1294 8368 11785
5007 13620 13898
2978 9480 22135
690 8479 11919
6433 15707 22496
5903 16350 11674
4843 15371 27614
3673 9880 18806
7439 2048 14112
5177 20502 19985
3968 12303 26670
4674 11496 29606
3101 6772 17941
2402 6832 20005
1669 13770 16243
7233 6386 14601
639 10032 10691
899 7576 14265
4553 11644 28052
3475 12537 17802
3440 11505 18470
3841 14733 27153
1475 15808 16880
5028 14533 11499
6185 17665 13173
3916 11694 26760
1156 10890 11122
5400 10389 7900
5629 12239 4705
6429 16194 21723
3797 10842 23881
1766 13733 10283
