1799 14036 10426
2764 4127 19619
3952 14559 23576
5572 10741 7534
1389 10291 10020
7409 19824 22112
1134 11695 14717
6289 13067 20927
4106 13402 28542
5986 18932 9428
2765 4143 19646
1529 13942 14344
852 11315 13916
6033 17877 12674
753 7519 11546
5761 16565 13211
4033 11881 27016
1057 12242 15383
2283 6600 20925
5053 12692 14109
3281 12649 18013
4415 13017 25500
1331 10944 16043
2286 5843 21157
4484 14630 22058
3801 11494 23686
3533 12219 17385
945 8878 11148
159 7883 8899
2055 9710 21071
1340 11411 10788
6128 14642 13456
1140 10386 13959
5703 16116 13049
4268 14426 24363
6640 16325 20825
7111 5417 15890
5223 18325 17470
4344 12033 22988
3071 3258 19967
5970 19058 14031
4937 12402 10975
4098 13424 30309
6735 15765 21537
1278 7731 12181
3939 11728 24187
4516 11784 26291
2462 8384 23429
3335 11113 19308
2365 2967 22454
486 4506 18042
7379 14036 21868
4476 12204 22750
3003 7850 18626
6460 11917 19750
4331 11388 25862
1572 17565 14739
6497 15231 20463
5882 16134 13806
1290 9644 11089
1407 10865 11395
6170 16250 12244
354 4120 18424
2225 10413 22285
1796 14260 10517
770 12005 15117
863 10685 13992
1627 13925 14655
6219 16330 13329
997 13099 15996
5048 12350 15144
44 9681 5224
3450 11600 17854
2719 1384 21458
6803 13329 18727
6680 14880 19399
6094 16873 12121
5659 11073 8734
6138 15769 13537
7382 10364 20772
5967 18695 13634
7332 9217 17255
6340 15182 21103
465 2688 19557
3909 14359 26884
909 10048 13105
4252 13402 30583
1981 14065 8701
7020 19932 26721
3426 10045 16893
3183 9168 18210
4460 11449 28994
6216 16270 13918
4130 12323 24784
3831 14616 21882
2729 4807 19612
4872 13604 11564
3291 11124 17201
3045 7915 23813
661 12149 14686
2272 7778 19721
898 11657 16054
3575 9643 17262
3885 12013 30102
3205 9171 18426
4481 14326 22025
5671 12697 8818
578 8150 13530
5494 11287 8526
2121 9279 21548
7273 5004 10697
2785 9094 21812
703 10434 11567
5431 13017 8221
1430 10616 13709
2242 7870 20664
6554 11841 19530
5748 19850 13353
3776 13478 26513
5364 23854 16259
6342 15340 20586
3881 11553 29853
4097 13305 30239
1952 15816 8062
5477 11668 7824
449 5561 18114
4966 12768 10967
5936 18363 12850
4965 12633 10972
3551 11303 16861
4286 11662 27768
4153 13312 28579
6687 12775 21687
276 3076 17817
3875 11164 28988
6942 16699 24370
6767 14336 21312
7114 4686 15713
5084 12194 12062
2338 9286 19713
2377 10366 20524
7225 8409 15843
3243 11773 17015
1305 8839 14336
4525 14280 27271
667 7617 11949
5127 13137 13983
4897 14038 13401
2786 8997 22022
228 2685 17009
3220 11750 18115
1470 14168 15181
5716 20869 11284
4997 13181 11287
5229 18557 16940
3721 10727 17390
5203 20758 22843
5332 19071 18261
5291 20334 19109
270 3243 17837
5427 12725 8065
2095 7525 24530
6248 13312 18813
4174 10966 23917
2723 2914 20752
4436 12200 23601
2611 6675 18756
2568 10335 21986
3004 7920 18502
3829 12977 26796
750 7716 11621
4881 11536 11511
4510 11128 26996
4972 13294 14375
4934 13149 13428
358 4575 17233
7402 13480 8824
6255 14935 21739
3452 11678 18475
5350 19885 15771
5175 20613 20737
3646 13829 18134
4592 13922 24288
5293 20281 19138
7313 5435 14922
5062 13858 11129
1864 15651 7949
6131 14860 13582
660 12134 14572
2323 8048 22938
1196 11305 13558
6276 12375 20871
230 2837 17068
2138 7600 23682
4084 12734 27389
2728 4828 19655
542 12418 14544
1490 14433 16175
1280 10025 15375
7367 4512 10374
1923 15527 7756
3310 10951 18480
2072 7774 23070
1904 15674 7837
3184 9073 18142
6741 13207 20002
248 3308 17846
6904 19764 23634
3720 10711 17480
3346 11239 17264
2806 5524 22095
6771 16439 18060
2526 8809 23855
2650 5651 20112
448 5578 17803
1128 9181 13985
4156 13332 27844
2648 5651 20015
2725 3354 20608
3779 10667 27212
2198 5872 19289
1181 12430 13477
4211 13476 26571
5743 20821 9639
2944 9128 23613
2673 6517 19490
4206 14170 29086
6236 13465 19572
4863 13428 12408
2913 8681 21513
4790 15902 28527
3479 10305 16741
1028 11277 15598
1207 12650 13262
1356 10618 14255
6039 18563 12410
3314 10663 19435
1105 9485 10803
1409 8816 12880
2105 9046 19373
4630 14534 25698
3817 11965 29682
4232 10964 25138
929 11391 16401
5513 11310 8463
7325 8974 16606
5664 12141 8929
1789 13577 7613
4990 13302 13512
6430 16023 21999
6285 13262 21546
138 8961 8839
4380 13269 26334
6198 14972 12528
7088 4631 10062
2713 8624 20819
3460 11578 18032
6941 16777 24224
4712 15871 28983
3767 11799 16757
7314 5444 14951
4663 14629 28524
6031 17674 12834
1816 16246 5056
6757 12401 19075
6150 18997 12966
4422 12209 26148
5962 18531 12973
1034 11667 10827
4619 14198 25466
193 8218 8900
2064 8046 22126
6661 14644 20059
7351 19657 11423
1858 14889 8308
7049 7589 16407
4737 17175 27942
1597 15665 15378
6417 12169 21077
1626 13252 14670
3825 12826 26497
5567 10887 5363
4586 12525 25769
5807 17920 7916
499 3010 17189
3940 12098 24339
1647 14080 17216
3459 11555 18081
1645 14366 15437
5258 20071 16432
5724 21779 10213
5634 10196 8453
979 11196 15913
2263 5876 19578
6371 14737 19365
6243 12871 18492
1867 14480 10608
3365 11519 18131
6306 12926 19852
5758 15348 13347
1812 15686 8743
850 9828 12505
6863 15776 23354
4245 12376 23310
7264 4678 9973
